&OO LITTERAE QUADRIMESTRES

11135 0116 0113110 105 0116 30111 6513111105 ¹, los 0113165 6111611100 0116χ
-30111 11611105 651300, 11135 0611611105 03165661 6Χο101300165 0116
0016105 0 0056600165; y 001-0116 0316566 0116 111165110 officio ha
5100 6516, 11611105 31715300 516111016 3 V. P. 06 011311 0116113 116113
65 6513, y 011311 161111 y abundante 06 fruta, y (111311 0116113 06 60-
jer y quan sazonada. La gente 06563 111116110 03156 y ayudar 3
(1116 56 0651111173 13 6111030 (16 ]61160. No 530113 06211· 01131110 563
61 06560 0116 11611611 105 06513 6111030 (16 0116 176110311 30111 1330165
1111161105. Ρ1·601’11113111116 000111613 0116 voy (11131100 171611611105 Ρ3-
0165, 1110511311οΟ 01611 611 6110 13 0611061011 0116 11611611 3 13 00111-
031113, 110 3111630056 1166110 611 6113 10 0116 611 135 01135 031165 113
63115300 13 opinion y 6160110 0116 (16113 11311 10111300 ; 01165 110 ay
aqui 51110 0113110 031161106105, (16 105 quales 01165 56 edificem y
algunos 56 3010116611311, 06 61661 65 0116, 01131100 aya 0111611105
1165016116 y 1101110165 0116 105 16113111611, 56 11311 0676010631 mucho
y aprouechar 611 61 561111610 (161 561101.

ΕΧ61616105 56 11311 0300 3 06110 611 6516 003011316511·6; 611116
105 0116 16610161011, 17110 (161105, 0116 65 030611311 06 13 0301113
Rem, (13 01311 601116361011 y exemplo 06 51, y 0111613 0611300
31 mundo 6011 10 (1611135, 51 110 111111613 1111060111161110 06 5115 03-
(1165, 0116 56 10 651010311. Ρ610 6011 1000 6550 171116 611 1000 6011-
616110 y 166001111161110 0116 511 651300 16 permitte. Otro 1113116600
muy 113111650, 11110 06 vn 1116163061, 0151131οο 3 3131301113 611
1116005, 3111311660300 01101160, y que 3 511 0301616 1111113113 105
0061611105 y 11661611105 01163005 11111105, 001· 10 01131 fue} 016110100
y 6611300 61113 camel: este 1661010 01311065 misericordias del
Sefior, 0010116 511 03016 10 5360 06 13 631661 01101163, y 10 113Χο
3 511 6353, y 10 01150 611 171105 0111105, 611 0116 01135 176665 10 31113
1611100 001 5611161311165 6Χ665505; y 111611311131011 3 1111 0313 011610
1116556. 136501165 0116 16 113016 16 100116 3 511 03016 0116 1116 10 06-
113556 11361· 31 00116010 0313 0116 56 60316553556 (16503610, 001·-
0116 613 6510 611 13 56111333 5311613; y 61 10 hizo 3551; 311110116 06-
zia que 3 0110 110 10 11313 001 6053 31011113; y ansi 171110 61 111311-
6600 6011111100, y 5601111 61 31113 016110, 6011 111161161011 (16 11561105
001 105 1613005 01131100 110 01101613 06 0113 manera isse. Estuuo
en 61 00116010 0113161113 0135 6011113 1003 511 1361111361011, 0010116

,61 dexia que no 0351313 todo 61 mundo 3 16116110 06110 0135 611-

 

¹ Qui hi fuerint docebit 1311111613,ιή Chronico, 1. v.

