: 080 LITTERAE QUADRIMESTRES

631105 6131163105 06 30111 3 muy 110605 0135, 57 603510316316-
⁴mente se entendera en 10 0116 16513 513 1131111 13330 06110 113513
11036116 fin3 para 10 01131 11636 61 51. 0015110 3031613005 1111161105
13316113165; de piedra 1165 0 0113110 13111 6311613035, mill hane·
’035 06 631; 113 6013111300 0162 57113135 06 01165765 603 5115 63116·
135 11313 11361 10 0116 fuere necessario para 61 edificio. Quanto
3 13 1701113130 061 51. 0015110 y 61 065560 0116 11636 06 1161 363-
bada esta 0013, 1000 10 0116 3 V. P. 56 puede 65611311 65 11060
conforme 310 13116110 que 6110 65. Η316 0300 31165110 56301 311157
grande affection 3 135 60535 (16 13 (3013113313, 57 13 hedifieacion
y credito que (16113 11636 65 131110 0116 0166 0116 1101 113160 y 5111-
011131 16136010 06 135 6316113603065 06 5115 0116135 113 1135700 13
(3013113313, 57 0116 51 6011 1311 611632 136016133 30 5333563, no 53-
0113 0116 165 110061· 113261. 0611113556 30013 13116110 611 10 0116 1063
31 collegio, y en 6510 63116306 603 13310 63101 y diligencia, que
65 11313 06306211· 31 Senon y para dar mayor 11116553 3 13 0013
ν51 135 industrias necessarias, ha 1013300 17335 63535 111310 al
Ι13651110 edificio para 110061 3515111 3 13 0013 6011 511 1315133 1161-
5033, 10 01131 haze por 13116035 0135 061 013; 5115 01161105 0655605
5161111116 61656611, 010113 3 Dios 31165110 561101, 0116 03 61 3110-
136310; 11010116 573 30 11313 06 113261 6353, 111 061131 16313 11313
ι6310126 60116013165, 51110 para treinta: 06 13 6353 61 1365310 0126
0116 13 0111616 113661 131, 0116 563 13 1116101 06 135 06 (33511113, 57
0116 56 035163 63 6113 quai-enta 0 6130116313 13111 dueados: 57 en
esto ninguna 011003 56 110116, 111165 31 16 faltan 105 01116105 31 61
animo para los gastar: tienese por 616110 0116 06 30111 3 0113110
3305 56 11111113 573 63 61. El Sefior 16 110303 3 1000 301161 fin que>
Ι11313 511 3135701 010113 57 31165110 1110366110 63 6160331636.

Los 651110105 56 60136303133 603 el fauor diuino para S. Lu-
635, 105 0113165 61 56301· 0015110 ha 13330300 publicar en 105
principales 11103165 06 511 001511300;6013611(;31·3356 6011 013133-
‚tica 57 1116101163 1101 30013. Η3305 0300 11313 601363631 3 pones
11016113 6163 611611105 06 110105 1116010005 57 de 161135 humanas:
dexo 105 0116 56 1133 06 6011111131Ε5ρ6131305 63 61 561101 0116
’603056163οο 13 refoimacion que por 6516 133133111050 136010 113
=de aues en 511 001511300, 56 6011501313 57 002313 13116110 63 Dios
ι31165110 56301· ,57 5115 0116305 0655605 571311 06 bien en meior.

’ 01131110 3 105 06 6353 10005 31163063 131157 06 116135 3105 exer·
’016105 06 13 0136103, 1110111116361011 57 0060163613, 57 11303133 po-

