AN. 1555 357

110065, y 600 10 006 105 0611001105 01260 50016 61105 001 1000-
0000 061 Ρο016, 56 gasta 11 105 06265 106010 00111 0 mas: 001006
010 0010 006 511100 6111000 0 5615 0 06211 alguna 6050 sobre 61105,
1102161100 6011000105 011061001106016ῑ y porque 60 61105 60111-
10000161116 50616 61 06100οἰ0 160101 06 1150, 51610016 56 10016100
0010 6110 muy buenos 161060105 en 111 6050 06 probation. Y 01
principio 11 105 006 56 165100 100001100165 61 Ρ. Maesa-0 66110156
60 61 50610, 1060000 61 105110 600 61, y 0551 65111000 601010011-
mente 1000510510005, ό 00510 006 56 165 51011 61 1150, 61 qual
0055000, 165 01000000 16000101; 1005 06 dias 00111 0611 510 110 56
06051010010 6510, 5100 0116 165 01011000 010601· (16 10011105.
1166005 105 10005, 110056 11 00261 01061000 50 60011111, 51 0010
(10051 51610016 105 006 6010510005 56 100000 65101· 06 10011105
0116011056 0111, 00510 006 105 11100000 0111600 0650065 11010οη 11
1115 06265 (60010 110οΧ0 60011116) y por 61 0111161010 1601011 50 16-
0050 60 10 1015100 6001110, 60100 01 100101·; y 60100665 600111100-
106016 56165100 105 601105 51 0021111005 1011611115 5061165, 60100
sue} por 61 01110610 Νο101 ¹, que 10011005 60 10 6050 (16 010110610οῑ
antes 061 0001 06011· 0661100105 por 5061165, 11 105 1600505 06 10
110606, 11 quien cayria alguna persona 0600061105 061 naci-
1016010 06 Christo: y 0650065 10 misma 006116 061 Νο101 106100
10005 11 105 006 0010 605100 alguna persona (16 00061105, 0551 06
Pastor, 60100 061 Α50110, y Buey, 500 ]056011, 0065110 860010,
610100 ]6505, 616., 10005 11 1100 6050 5016111100, 510 01001605,
1100006 0160110100 hasta 105 onze y media: y quando alguno
061105 56 0011010, 610066000 106010 06 16201 010000 0106100, 0110
(10616 05100 10005, 51 105 01105 16 1650000100. Α511015100 11110-
bien 56 66011100 01105 5061165 06 11005 06150005 (1116 60 Desseoso
estam, 06 1000610 006 11 6000 vno 60510 10 5051οῑ 0 11005 61 001-
1610, 0116 610 161001 06 Dios: 0 01105 10 Priora, 006 6111 0111011-
(100, 616., 51 6000 000 00210 110 5610100 0 10 66110 501116 50 1111100.
Α551006 60 65105 y 56106100165 60505 56 01151000 01 principio 61
160050 0610 00606; 06501165 60 61 verano (60100 10100160 dixe (106
56 0120 60 61 160050 0611001111) 56 010 11660610 (1116 56 0001055611
11005 0 01105 60 00061 1161000, 51 1611100 61 160050 60101000016016
fuera 06 6050, 0610016 06 10 0061162110, que 60 10 misma 6050

² Natal, Nativitatis Domini festum.

