AN. 1554 81

0001023, 030 01 50301 105 da. visitanse frequentemente 105 03-
10111105, 011301031130310105 030 05133 0313 310111, 001030 0351
105 mas, que en este 030010 50 51011103 0011010505, 01110133 13000
3 0353 001· vn Ρ31110 030 0510 presente 3 53 1330110, 03 10 0331
503 111357 0035013305 57 35731131105 03 30301 03550 133 001101050.
Α103305 030 3 13 hora de 13 3130110 0513333 0301315131105, y 10
030 0001 013, 003 031103105 535705, 001 medio de 105 33051105.
030105 115113333, 003 01 auxilio diuino 50 reconciliaron, 3013-
033110 003 1330110 33101 3 105 0110 33105 30 113013333, 57 3557 03
032 dende 3 0000 1101300 313110103. Α57·03 0510 vna cosa 0313
3111111131 57 bendezir 13 00311311 de n. 50301 57 010311103013 031»-
1103131, 0110 tiene su misericordia con 0513 (3011103313, 030 110
33103110 03 0510 00110010 03103 010111030 0 03103 11303 01311035
0301103130310 31 0110010, 3310311050 001 30013 13101131111110 01
exercicio (10 0350331 13 11οο11133 christiana 001 000303110305 110
0353 57 001 30 0310201 0510 1101300 0313 0110 commodo, creze
de cada 1113 11135 01 concurso de 13 00310, 030 110 10110 003010 3
0353 171030, 31131113 con 5010 01 01103 olor que de sy 503120 0513
003103313 por 13 013013 del 50301. No 11357 quasi necessidad
spiritual que en el pueblo 50 01110203, 030 111000 3 0353 30 ven-
0311 001 01 remedio 57 00353010 110110; 57 001 salta de 0010105 30
50 053 30111 13 0110113 3 13313 13105 00310 31105110 50301 offreze.
503 01 31303110 57 00311021110 001· 51031010133135. Α3103.

El concurso 3 105 0110101οἱ05 spirituales de 13 6011103313 113
557110 05105 dias mucho, con parezer 50 31113 de interromper 003
135 57303010305 (como 01135 vezes 511010) 57 003 13 102313 1101
11011100, 030 30 05 tan 3010 0313 01 1000013110310 030 011103;
010113 3 Dios, 113 1110 03113 dia 0100103110 de personas 110 toda
manera y 0331111311, 1011010505, 0333110105, 101131105, officia-
les, etc.‚ 3103305 fuera de 3031, 030 30 113 13113110 quien de 1335
110 80 100335 03 05105 0310105 110 Αο0510 vino solo 113201 105
exercicios, persona de 1131105 31011105 57 3311101111311, 57 30 10
0050 110 53 camino por 0011050031101 3305110 50301 Dios 3 53
110500 57 1130310 3033113310130310 003 301030011311110310 57 fruto
spiritual. Η33 557110 105 030 03 05105 310505 50 33 0)(010113110
’1335 110 03310313 00150335; 57 01105 31301105, 001 135 01135 occu-
03110305, 3 030 110 300055111311 50 ha de 3031111, 50 1133 differido
para este Setiembre, por 501 13130103 03103005 3135701 13 oppor-

·tunidad del tiempo. Por ser tantos no 001110 5010311· 110 03113
T. 111. 6

