354 LITTERAE QUADR1MESTRES

61 reposo. Υ 1101 131110, 36511365 173 36 1336110 11613110, 316103 li-
cencia 3 105 1161313305 36 11036163 11311131 63116 si. Υ 333336
36511365 30 651333 6013131131361116 5161111116 61 Ρ. Μ365110, 1335
651333 61 confessor quasi 516131116. Υ por dar 31333 311310 11135
3105 1161133305, 56 61311660 1113111163 36 161161 61 reposo, 3331130
113613 frio, 31 501; y quando no 113213, 63 13 13651113 5313 336 33-
165 613 16310110, 1101336 36511365 56 tiro della y 56 11120 63 0113
113116 36 13 1315133 6353, y aun 3 135 36265 611 6510 56 33333 31-
33335 130111363610365 310305, como 613, 6331130 113213 frio, 36-
211165 336 110 1365563 31 501, y otras 36211165 336 1365563, 1335
336 11013165563 36 3111 vn poco 1335 36 173 33311οῑ 1335 611 10305
65105 16110505 1163611 61105 17335 111311635 muy sanctas: vnos exor—
1333056 3 3133113 1711133 63116 51, 01105 60313330 exemplos (1116
56 165 3636133, y 351 63 60535 56136133165. Υ 3 (1111611 3616113 (16
11311131 313333 6053, 1335 36 historias (1116 (16 1110366110, 51 61
Ρ. Μ365110 16 oye, 16 33 penitencia por ello.

Dura 61 reposo hasta que 63 61 60116310 131163 11313 363113110-
3 105 3611333051 y como 131163, 13630 10305 17311 3 113261 0131103
313 63111113 111636136316, y 163331333056, 105 336 11611611 01116105
1131156 3 06631131 63 61105, 105 01105 1011133 3 pedit· 31 Ρ. Μ36511Ὁ
(56333 61 01363 336 173 3111113 dixe) 10 336 311 36 113261; y 0663-7
11333056 10305 6333 1730 63 10 (136 16 65 636313330 113513 336
3611 135 1165, 63 61135 331130 vienen 10305 11313 6353. Υ 31 11113-
611110 36 13 6353 36 111011361011 13311 105 1161133305 36536 6513
11013 113513 135 333110 173 313 3 1131161 6011 61 1315130 Ρ. Μ365110
135 63535 36160116310, y otro leyan 6333 1730 63 535 63313135
1101 31333 libro spiritual, y 36 135 (133110 3 613330 6333 313 me-
3113333 (3611333056 36 31631131 33111 3 110605 3135, 336 56 613-
11660 13 6353 36 1110036103, 3336113 316313 11013 336 dixe 3111113
56 1116311333 3 13 306116 311165 36 3605131).

Μ35 61 exercicio 361 331161 3 3336113 11013 3310 muy pocos
3135, y 01363056 336 56333 135 33651135 603511131101165, 173 313
3 3336113 1315133 11013 56 31216556 11131163 3 105 1161133305, y
0110516176563 (60130 161130 316110), 10 (1331 113513 oy 56 333133.
Dig0‚ 336 33 313 56 166 y otro 56 haze 11131163, exceptando 105Ι
3031111305 y dias sanctos, 63 105 333165 516131116 56 leet 36 ma·
11613 336 6333 56111333 30 56 11326, 3 10 1335, 5130 50135 335 ve-
265 111311635, y 3135 36265 1733, 513616113 36 36311 3133335 1165135
6311613 5613333. Ε5135 111311635 113263 105 13151305 Pacu-es 36 la

