520 LITTERAE QUADRJMESTRES

601311 00063 interrumpis 61 negotio (1613 6011165100, parte (16
105 (106 06 110600 600601160, 105 (103165 600 [61001050 (16560 y
affecto particular (por no 06211 0610351300) 61 130265 012611 31101
y no 611 0113 parte 3061 06 16661311· 6516 sancto 1360611610 0613
6011165510ος y 6100 31ξο035 176265 3111603230 00 306156 06 600-
165531 51 00 500 31101 3001111005ῑ 10 (106 61 65105 1063 (11016106 105
11601615, (106 65 01116110 0010610, (103010 313100661130 06 6303 dia
65 60561 (16 1031300131), 011161105, 651131113οο5 (16 13 16310610 (16 505
60113615, 6 171013601005 110 56 600 1106 sinistra vergijenza, 610130
651300 por 601116553156 10061105 3005, 133166161100165 61061· (16 161-
1030613 11355300 13 17103, (106 173 110 165 613 130511316 1011131 13061-
10. Ε5105, 60113000 60 01165110 collegio, 13061105 61 51, 17611 5056-
gada 161 16101365130, y hufflganse 06 3061 negado 61 1306110, 111011-
131161000 111017 06 061615 06 105 1716105ῑ y 6151 506606 que tanto 600
mayor instantia 1010610 61 13661105 61 camino (161 56001, quanto
111615 06560οῇ3005 65161030 06 venir 61 1611 651300.

Ay 17113 60561 1301006 56 116060 31561101 gratias infinitas, que
56 0126 601000106016 ninguno venir 61 6516 collegio, 3011(106 110
563 111615 (1116 61 oyr 10153, (1116 110 1306103 16000300 61 13101305110
06 13160 131011, 0 6110 1116005 algun tanto mudados: finalmente,
170101611οο, (1116116111 1316003005 611 61 56001. Y 3051 ay 01061105,
3 quien 600 (1101601130 56 persuade 1106 vengan 61 0171 10153 0
00611103, 13011106 1316115311 (106 luego 56 han 06 confessas, 10 (10611
13316660 pot· 60100265 1611161. A 105 (1061165 1311111160 65133013 161
1702 600 (1116 luego son 1131113005 5306105, Ρ610165, Τ116311005.
Τ3010 13106013 61 mundo 56 guarden 5115 161765. Μ35 60 fin 1760-
66 13 1617 56106161 06 16505, y 60 131606 1060050166130 65135 170665
116 1101013165, (106 61 (16100010 101113 por 601013306105 13313 (165-
truyr 1615 311035, y 1711116000 3661, 56 huelgan 06 561· 5611313005, 10
(106 610165 grandemente 16111130. .

Lo que ay 06 135 1116100535 11063135 06 135 mugeres desta cib-
1130, 65 6053 13313 65616011, por no 561· 30011111035 6113 6011165-
5100. Ε5 60116 61135 muy comun dezir: oxala't fue'eramos 1101013165.
Μο61105, 60 6513 6113030, 06 (10311030 60110260 6106060610 (1116 (16·
13 6011165100 56 1661136; 611116 65105 1700 13110610310161116, 00 (16
105 que 11161101 lug-<u- 1161160 60 61 63131100 (16 161 6113030, 61 (11131,
puniendo todo 511 5111010 1135131101 60 1165135 (16 10105 y otros
juegos y 513661360105 1311011605, ahora por 10035 17135 13106013 65-
101031 110 56 haga, 10 qual 51 110 130606 31630631, 56 3135611161 (16

